.i 9
.o 1
111111111 0
111111110 1
111111101 1
111111100 1
111111011 1
111111010 1
111111001 1
111111000 1
111110111 1
111110110 0
111110101 1
111110100 1
111110011 1
111110010 1
111110001 1
111110000 1
111101111 1
111101110 0
111101101 1
111101100 1
111101011 1
111101010 1
111101001 1
111101000 1
111100111 1
111100110 1
111100101 0
111100100 1
111100011 1
111100010 1
111100001 1
111100000 1
111011111 1
111011110 0
111011101 1
111011100 1
111011011 1
111011010 1
111011001 1
111011000 1
111010111 1
111010110 1
111010101 0
111010100 1
111010011 1
111010010 1
111010001 1
111010000 1
111001111 1
111001110 1
111001101 0
111001100 1
111001011 1
111001010 1
111001001 1
111001000 1
111000111 1
111000110 1
111000101 1
111000100 0
111000011 1
111000010 1
111000001 1
111000000 1
110111111 1
110111110 0
110111101 1
110111100 1
110111011 1
110111010 1
110111001 1
110111000 1
110110111 1
110110110 1
110110101 0
110110100 1
110110011 1
110110010 1
110110001 1
110110000 1
110101111 1
110101110 1
110101101 0
110101100 1
110101011 1
110101010 1
110101001 1
110101000 1
110100111 1
110100110 1
110100101 1
110100100 0
110100011 1
110100010 1
110100001 1
110100000 1
110011111 1
110011110 1
110011101 0
110011100 1
110011011 1
110011010 1
110011001 1
110011000 1
110010111 1
110010110 1
110010101 1
110010100 0
110010011 1
110010010 1
110010001 1
110010000 1
110001111 1
110001110 1
110001101 1
110001100 0
110001011 1
110001010 1
110001001 1
110001000 1
110000111 1
110000110 1
110000101 1
110000100 1
110000011 0
110000010 1
110000001 1
110000000 1
101111111 1
101111110 0
101111101 1
101111100 1
101111011 1
101111010 1
101111001 1
101111000 1
101110111 1
101110110 1
101110101 0
101110100 1
101110011 1
101110010 1
101110001 1
101110000 1
101101111 1
101101110 1
101101101 0
101101100 1
101101011 1
101101010 1
101101001 1
101101000 1
101100111 1
101100110 1
101100101 1
101100100 0
101100011 1
101100010 1
101100001 1
101100000 1
101011111 1
101011110 1
101011101 0
101011100 1
101011011 1
101011010 1
101011001 1
101011000 1
101010111 1
101010110 1
101010101 1
101010100 0
101010011 1
101010010 1
101010001 1
101010000 1
101001111 1
101001110 1
101001101 1
101001100 0
101001011 1
101001010 1
101001001 1
101001000 1
101000111 1
101000110 1
101000101 1
101000100 1
101000011 0
101000010 1
101000001 1
101000000 1
100111111 1
100111110 1
100111101 0
100111100 1
100111011 1
100111010 1
100111001 1
100111000 1
100110111 1
100110110 1
100110101 1
100110100 0
100110011 1
100110010 1
100110001 1
100110000 1
100101111 1
100101110 1
100101101 1
100101100 0
100101011 1
100101010 1
100101001 1
100101000 1
100100111 1
100100110 1
100100101 1
100100100 1
100100011 0
100100010 1
100100001 1
100100000 1
100011111 1
100011110 1
100011101 1
100011100 0
100011011 1
100011010 1
100011001 1
100011000 1
100010111 1
100010110 1
100010101 1
100010100 1
100010011 0
100010010 1
100010001 1
100010000 1
100001111 1
100001110 1
100001101 1
100001100 1
100001011 0
100001010 1
100001001 1
100001000 1
100000111 1
100000110 1
100000101 1
100000100 1
100000011 1
100000010 0
100000001 1
100000000 1
011111111 1
011111110 0
011111101 1
011111100 1
011111011 1
011111010 1
011111001 1
011111000 1
011110111 1
011110110 1
011110101 0
011110100 1
011110011 1
011110010 1
011110001 1
011110000 1
011101111 1
011101110 1
011101101 0
011101100 1
011101011 1
011101010 1
011101001 1
011101000 1
011100111 1
011100110 1
011100101 1
011100100 0
011100011 1
011100010 1
011100001 1
011100000 1
011011111 1
011011110 1
011011101 0
011011100 1
011011011 1
011011010 1
011011001 1
011011000 1
011010111 1
011010110 1
011010101 1
011010100 0
011010011 1
011010010 1
011010001 1
011010000 1
011001111 1
011001110 1
011001101 1
011001100 0
011001011 1
011001010 1
011001001 1
011001000 1
011000111 1
011000110 1
011000101 1
011000100 1
011000011 0
011000010 1
011000001 1
011000000 1
010111111 1
010111110 1
010111101 0
010111100 1
010111011 1
010111010 1
010111001 1
010111000 1
010110111 1
010110110 1
010110101 1
010110100 0
010110011 1
010110010 1
010110001 1
010110000 1
010101111 1
010101110 1
010101101 1
010101100 0
010101011 1
010101010 1
010101001 1
010101000 1
010100111 1
010100110 1
010100101 1
010100100 1
010100011 0
010100010 1
010100001 1
010100000 1
010011111 1
010011110 1
010011101 1
010011100 0
010011011 1
010011010 1
010011001 1
010011000 1
010010111 1
010010110 1
010010101 1
010010100 1
010010011 0
010010010 1
010010001 1
010010000 1
010001111 1
010001110 1
010001101 1
010001100 1
010001011 0
010001010 1
010001001 1
010001000 1
010000111 1
010000110 1
010000101 1
010000100 1
010000011 1
010000010 0
010000001 1
010000000 1
001111111 1
001111110 1
001111101 0
001111100 1
001111011 1
001111010 1
001111001 1
001111000 1
001110111 1
001110110 1
001110101 1
001110100 0
001110011 1
001110010 1
001110001 1
001110000 1
001101111 1
001101110 1
001101101 1
001101100 0
001101011 1
001101010 1
001101001 1
001101000 1
001100111 1
001100110 1
001100101 1
001100100 1
001100011 0
001100010 1
001100001 1
001100000 1
001011111 1
001011110 1
001011101 1
001011100 0
001011011 1
001011010 1
001011001 1
001011000 1
001010111 1
001010110 1
001010101 1
001010100 1
001010011 0
001010010 1
001010001 1
001010000 1
001001111 1
001001110 1
001001101 1
001001100 1
001001011 0
001001010 1
001001001 1
001001000 1
001000111 1
001000110 1
001000101 1
001000100 1
001000011 1
001000010 0
001000001 1
001000000 1
000111111 1
000111110 1
000111101 1
000111100 0
000111011 1
000111010 1
000111001 1
000111000 1
000110111 1
000110110 1
000110101 1
000110100 1
000110011 0
000110010 1
000110001 1
000110000 1
000101111 1
000101110 1
000101101 1
000101100 1
000101011 0
000101010 1
000101001 1
000101000 1
000100111 1
000100110 1
000100101 1
000100100 1
000100011 1
000100010 0
000100001 1
000100000 1
000011111 1
000011110 1
000011101 1
000011100 1
000011011 0
000011010 1
000011001 1
000011000 1
000010111 1
000010110 1
000010101 1
000010100 1
000010011 1
000010010 0
000010001 1
000010000 1
000001111 1
000001110 1
000001101 1
000001100 1
000001011 1
000001010 0
000001001 1
000001000 1
000000111 1
000000110 1
000000101 1
000000100 1
000000011 1
000000010 1
000000001 0
000000000 1
.e
